#minimum;routine;easy;light;medium;very hard;extremely hard;sheer hard;folly;absurd
-200;F;F;F;F;F;F;F;F;F
-150;10;F;F;F;F;F;F;F;F
-100;30;10;F;F;F;F;F;F;F
-50;50;30;10;F;F;F;F;F;F
-25;70;50;30;5;F;F;F;F;F
1;80;60;50;10;5;F;F;F;F
21;90;70;60;20;10;5;F;F;F
41;100;80;70;30;20;10;5;F;F
56;100;90;80;40;30;20;10;F;F
66;100;100;90;50;40;30;20;5;F
76;100;100;100;60;50;40;30;10;F
86;100;100;100;70;60;50;40;20;5
96;110;100;100;80;70;60;50;25;10
106;110;110;100;90;80;70;60;30;20
116;120;110;110;100;90;80;70;40;30
126;120;120;110;100;100;90;80;50;40
136;130;120;120;110;100;100;90;60;50
146;130;130;120;110;110;100;100;70;60
156;140;130;130;120;110;110;100;80;70
166;140;140;130;120;120;110;110;90;80
186;150;140;140;130;120;120;110;100;90
226;150;150;140;130;130;120;120;100;100
276;160;150;150;140;130;130;120;110;100